56
1
48
52
66
94
33
42
1
4
46
38
87
24
70
84
40
44
23
25
3
59
65
43
50
57
95
80
3
86
41
93
77
54
64
98
47
5
2
78
20
72
53
99
63
92
19
91
28
88
51
75
100
8
97
60
7
61
34
30
12
6
74
21
81
35
49
31
10
68
58
27
17
13
76
96
90
11
79
82
39
85
26
45
15
9
83
29
55
71
67
36
73
32
14
2
89
62
69
16
56
1
48
52
66
94
33
42
1
4
46
38
87
24
70
84
40
44
23
25
3
59
65
43
50
57
95
80
3
86
41
93
77
54
64
98
47
5
2
78
20
72
53
99
63
92
19
91
28
88
51
75
100
8
97
60
7
61
34
30
12
6
74
21
81
35
49
31
10
68
58
27
17
13
76
96
90
11
79
82
39
85
26
45
15
9
83
29
55
71
67
36
73
32
14
2
89
62
69
16
56
1
48
52
66
94
33
42
1
4
46
38
87
24
70
84
40
44
23
25
3
59
65
43
50
57
95
80
3
86
41
93
77
54
64
98
47
5
2
78
20
72
53
99
63
92
19
91
28
88
51
75
100
8
97
60
7
61
34
30
12
6
74
21
81
35
49
31
10
68
58
27
17
13
76
96
90
11
79
82
39
85
26
45
15
9
83
29
55
71
67
36
73
32
14
2
89
62
69
16
56
1
48
52
66
94
33
42
1
4
46
38
87
24
70
84
40
44
23
25
3
59
65
43
50
57
95
80
3
86
41
93
77
54
64
98
47
5
2
78
20
72
53
99
63
92
19
91
28
88
51
75
100
8
97
60
7
61
34
30
12
6
74
21
81
35
49
31
10
68
58
27
17
13
76
96
90
11
79
82
39
85
26
45
15
9
83
29
55
71
67
36
73
32
14
2
89
62
69
16
56
1
48
52
66
94
33
42
1
4
46
38
87
24
70
84
40
44
23
25
3
59
65
43
50
57
95
80
3
86
41
93
77
54
64
98
47
5
2
78
20
72
53
99
63
92
19
91
28
88
51
75
100
8
97
60
7
61
34
30
12
6
74
21
81
35
49
31
10
68
58
27
17
13
76
96
90
11
79
82
39
85
26
45
15
9
83
29
55
71
67
36
73
32
14
2
89
62
69
16
56
1
48
52
66
94
33
42
1
4
46
38
87
24
70
84
40
44
23
25
3
59
65
43
50
57
95
80
3
86
41
93
77
54
64
98
47
5
2
78
20
72
53
99
63
92
19
91
28
88
51
75
100
8
97
60
7
61
34
30
12
6
74
21
81
35
49
31
10
68
58
27
17
13
76
96
90
11
79
82
39
85
26
45
15
9
83
29
55
71
67
36
73
32
14
2
89
62
69
16
56
1
48
52
66
94
33
42
1
4
46
38
87
24
70
84
40
44
23
25
3
59
65
43
50
57
95
80
3
86
41
93
77
54
64
98
47
5
2
78
20
72
53
99
63
92
19
91
28
88
51
75
100
8
97
60
7
61
34
30
12
6
74
21
81
35
49
31
10
68
58
27
17
13
76
96
90
11
79
82
39
85
26
45
15
9
83
29
55
71
67
36
73
32
14
2
89
62
69
16
56
1
48
52
66
94
33
42
1
4
46
38
87
24
70
84
40
44
23
25
3
59
65
43
50
57
95
80
3
86
41
93
77
54
64
98
47
5
2
78
20
72
53
99
63
92
19
91
28
88
51
75
100
8
97
60
7
61
34
30
12
6
74
21
81
35
49
31
10
68
58
27
17
13
76
96
90
11
79
82
39
85
26
45
15
9
83
29
55
71
67
36
73
32
14
2
89
62
69
16
56
1
48
52
66
94
33
42
1
4
46
38
87
24
70
84
40
44
23
25
3
59
65
43
50
57
95
80
3
86
41
93
77
54
64
98
47
5
2
78
20
72
53
99
63
92
19
91
28
88
51
75
100
8
97
60
7
61
34
30
12
6
74
21
81
35
49
31
10
68
58
27
17
13
76
96
90
11
79
82
39
85
26
45
15
9
83
29
55
71
67
36
73
32
14
2
89
62
69
16
56
1
48
52
66
94
33
42
1
4
46
38
87
24
70
84
40
44
23
25
3
59
65
43
50
57
95
80
3
86
41
93
77
54
64
98
47
5
2
78
20
72
53
99
63
92
19
91
28
88
51
75
100
8
97
60
7
61
34
30
12
6
74
21
81
35
49
31
10
68
58
27
17
13
76
96
90
11
79
82
39
85
26
45
15
9
83
29
55
71
67
36
73
32
14
2
89
62
69
16
