59
90
35
8
24
34
96
88
38
11
3
28
64
1
55
51
25
26
49
37
74
5
82
70
2
23
71
92
79
33
7
99
56
2
21
6
20
14
4
81
57
46
85
30
98
62
58
63
76
10
43
67
13
3
75
97
45
19
12
93
39
91
77
16
65
29
72
27
15
48
100
52
44
78
95
42
66
36
22
60
17
54
83
87
18
32
31
80
53
1
84
69
94
9
50
89
73
61
68
86
59
90
35
8
24
34
96
88
38
11
3
28
64
1
55
51
25
26
49
37
74
5
82
70
2
23
71
92
79
33
7
99
56
2
21
6
20
14
4
81
57
46
85
30
98
62
58
63
76
10
43
67
13
3
75
97
45
19
12
93
39
91
77
16
65
29
72
27
15
48
100
52
44
78
95
42
66
36
22
60
17
54
83
87
18
32
31
80
53
1
84
69
94
9
50
89
73
61
68
86
59
90
35
8
24
34
96
88
38
11
3
28
64
1
55
51
25
26
49
37
74
5
82
70
2
23
71
92
79
33
7
99
56
2
21
6
20
14
4
81
57
46
85
30
98
62
58
63
76
10
43
67
13
3
75
97
45
19
12
93
39
91
77
16
65
29
72
27
15
48
100
52
44
78
95
42
66
36
22
60
17
54
83
87
18
32
31
80
53
1
84
69
94
9
50
89
73
61
68
86
59
90
35
8
24
34
96
88
38
11
3
28
64
1
55
51
25
26
49
37
74
5
82
70
2
23
71
92
79
33
7
99
56
2
21
6
20
14
4
81
57
46
85
30
98
62
58
63
76
10
43
67
13
3
75
97
45
19
12
93
39
91
77
16
65
29
72
27
15
48
100
52
44
78
95
42
66
36
22
60
17
54
83
87
18
32
31
80
53
1
84
69
94
9
50
89
73
61
68
86
59
90
35
8
24
34
96
88
38
11
3
28
64
1
55
51
25
26
49
37
74
5
82
70
2
23
71
92
79
33
7
99
56
2
21
6
20
14
4
81
57
46
85
30
98
62
58
63
76
10
43
67
13
3
75
97
45
19
12
93
39
91
77
16
65
29
72
27
15
48
100
52
44
78
95
42
66
36
22
60
17
54
83
87
18
32
31
80
53
1
84
69
94
9
50
89
73
61
68
86
59
90
35
8
24
34
96
88
38
11
3
28
64
1
55
51
25
26
49
37
74
5
82
70
2
23
71
92
79
33
7
99
56
2
21
6
20
14
4
81
57
46
85
30
98
62
58
63
76
10
43
67
13
3
75
97
45
19
12
93
39
91
77
16
65
29
72
27
15
48
100
52
44
78
95
42
66
36
22
60
17
54
83
87
18
32
31
80
53
1
84
69
94
9
50
89
73
61
68
86
59
90
35
8
24
34
96
88
38
11
3
28
64
1
55
51
25
26
49
37
74
5
82
70
2
23
71
92
79
33
7
99
56
2
21
6
20
14
4
81
57
46
85
30
98
62
58
63
76
10
43
67
13
3
75
97
45
19
12
93
39
91
77
16
65
29
72
27
15
48
100
52
44
78
95
42
66
36
22
60
17
54
83
87
18
32
31
80
53
1
84
69
94
9
50
89
73
61
68
86
59
90
35
8
24
34
96
88
38
11
3
28
64
1
55
51
25
26
49
37
74
5
82
70
2
23
71
92
79
33
7
99
56
2
21
6
20
14
4
81
57
46
85
30
98
62
58
63
76
10
43
67
13
3
75
97
45
19
12
93
39
91
77
16
65
29
72
27
15
48
100
52
44
78
95
42
66
36
22
60
17
54
83
87
18
32
31
80
53
1
84
69
94
9
50
89
73
61
68
86
59
90
35
8
24
34
96
88
38
11
3
28
64
1
55
51
25
26
49
37
74
5
82
70
2
23
71
92
79
33
7
99
56
2
21
6
20
14
4
81
57
46
85
30
98
62
58
63
76
10
43
67
13
3
75
97
45
19
12
93
39
91
77
16
65
29
72
27
15
48
100
52
44
78
95
42
66
36
22
60
17
54
83
87
18
32
31
80
53
1
84
69
94
9
50
89
73
61
68
86
59
90
35
8
24
34
96
88
38
11
3
28
64
1
55
51
25
26
49
37
74
5
82
70
2
23
71
92
79
33
7
99
56
2
21
6
20
14
4
81
57
46
85
30
98
62
58
63
76
10
43
67
13
3
75
97
45
19
12
93
39
91
77
16
65
29
72
27
15
48
100
52
44
78
95
42
66
36
22
60
17
54
83
87
18
32
31
80
53
1
84
69
94
9
50
89
73
61
68
86
